[gd_scene load_steps=15 format=3 uid="uid://cib786y4fr7cb"]

[ext_resource type="Script" path="res://Main/Main.gd" id="1"]
[ext_resource type="Script" path="res://Main/Level.gd" id="2_42rtg"]
[ext_resource type="PackedScene" uid="uid://p71xwawyruxj" path="res://modules/module1.tscn" id="3_bwc21"]
[ext_resource type="PackedScene" uid="uid://3sve2nrss2io" path="res://modules/module2.tscn" id="4_w37r3"]
[ext_resource type="PackedScene" uid="uid://d2q8y0rtu2njt" path="res://modules/module3.tscn" id="5_kptds"]
[ext_resource type="PackedScene" uid="uid://c78ayj4g08730" path="res://modules/module4.tscn" id="6_egu6j"]
[ext_resource type="PackedScene" uid="uid://urka8ho68bnr" path="res://modules/module5.tscn" id="7_152x7"]
[ext_resource type="PackedScene" uid="uid://pvjb2m2e1aer" path="res://modules/module6.tscn" id="8_h1oeu"]
[ext_resource type="Script" path="res://Main/Player.gd" id="8_lxyp6"]
[ext_resource type="PackedScene" uid="uid://c86uspsro2iv4" path="res://modules/module7.tscn" id="9_wwlqe"]

[sub_resource type="Environment" id="Environment_w86is"]
ambient_light_source = 3
ambient_light_color = Color(0.352763, 0.552752, 1, 1)
ambient_light_sky_contribution = 0.57
volumetric_fog_density = 0.0289

[sub_resource type="CameraAttributesPractical" id="CameraAttributesPractical_0feyf"]

[sub_resource type="BoxMesh" id="BoxMesh_nvbna"]

[sub_resource type="BoxShape3D" id="BoxShape3D_k3utt"]

[node name="Main" type="Node3D"]
script = ExtResource("1")

[node name="Level" type="Node3D" parent="."]
script = ExtResource("2_42rtg")
modules = Array[PackedScene]([ExtResource("3_bwc21"), ExtResource("4_w37r3"), ExtResource("5_kptds"), ExtResource("6_egu6j"), ExtResource("7_152x7"), ExtResource("7_152x7"), ExtResource("8_h1oeu"), ExtResource("9_wwlqe")])

[node name="WorldEnvironment" type="WorldEnvironment" parent="."]
environment = SubResource("Environment_w86is")

[node name="Camera3D" type="Camera3D" parent="."]
transform = Transform3D(0.00443369, 0.21715, -0.976128, -0.00272765, 0.976137, 0.217139, 0.999986, 0.00169981, 0.0049202, -4.02243, 4.13131, 0.0240363)
attributes = SubResource("CameraAttributesPractical_0feyf")

[node name="DirectionalLight3D" type="DirectionalLight3D" parent="."]
transform = Transform3D(-0.00126303, 0.262593, -0.964906, 0.000343725, 0.964907, 0.262593, 0.999999, -2.91038e-11, -0.00130896, -11.3863, 5.66663, 0)
sky_mode = 1

[node name="Player" type="CharacterBody3D" parent="."]
transform = Transform3D(-2.79753e-08, 0, 0.5, 0, 0.56, 0, -0.64, 0, -2.18557e-08, 0, 0, 0)
script = ExtResource("8_lxyp6")

[node name="MeshInstance3D" type="MeshInstance3D" parent="Player"]
transform = Transform3D(2.0114, 0, 7.10543e-15, 0, 2.33356, 0, 2.06057e-13, 0, 2.33356, -0.0955694, 0.705316, -0.00185108)
mesh = SubResource("BoxMesh_nvbna")

[node name="CollisionShape3D" type="CollisionShape3D" parent="Player"]
transform = Transform3D(2.2488, 0, 0, 0, 2.2488, 0, 2.84217e-14, 0, 2.2488, -0.0786567, 0.636203, 0.000667572)
shape = SubResource("BoxShape3D_k3utt")

[node name="DeathSensor" type="RayCast3D" parent="Player"]
transform = Transform3D(-0.0468101, -0.998904, 0, 0.998904, -0.0468101, 0, 0, 0, 1, -0.444409, 0.521576, 0)
